tree
version=v4
num_class=1
num_tree_per_iteration=1
label_index=0
max_feature_idx=29
objective=binary sigmoid:1
feature_names=Column_0 Column_1 Column_2 Column_3 Column_4 Column_5 Column_6 Column_7 Column_8 Column_9 Column_10 Column_11 Column_12 Column_13 Column_14 Column_15 Column_16 Column_17 Column_18 Column_19 Column_20 Column_21 Column_22 Column_23 Column_24 Column_25 Column_26 Column_27 Column_28 Column_29
feature_infos=none none [-62.778093360011255:55.027513756878491] [-965.17642170311058:529.69645959734282] [-27.99150995616186:1014.034413819574] [-0.35495321071313346:1.6865899419716086] [-0.29047275786691323:2.3193751484257694] [-0.41943366355935369:1.0538047355174478] [-0.22599230502069304:2.95216035487993] [-0.49912168796579431:0.45191889465488311] [0.34620032304115261:99.999999999999815] [0:100.00000000000001] [0:100.00000000000001] [-0.26274606734715938:0.2081429197861808] [0:1] [0:1] [0:1] [0:1] [0:1] [0:1] [0:1] [0:0.079286336133582047] [0:1.4659600859826758] [0:1] [3.6910187290719253e-16:1.8889776032262076e+193] [0:100] [-0.040008592974767318:0.056727530024939951] [0:100] [0:100] [-666.6666667160307:666.66666667983043]
tree_sizes=3538 3576 3567 3558 3570 3566 3551 3570 3560 3572

Tree=0
num_leaves=31
num_cat=0
split_feature=29 12 22 8 12 12 24 22 22 29 7 7 29 22 7 29 26 2 29 11 11 11 24 29 11 29 11 21 12 11
split_gain=9221.08 1394.66 935.438 839.054 619.379 553.205 398.001 393.603 263.642 252.526 238.494 203.521 198.967 197.587 163.63 159.966 142.253 139.855 137.711 125.985 119.297 119.05 116.252 107.385 106.002 93.4409 92.3906 80.1549 79.2352 105.449
threshold=-12.794665709633092 51.337896605035986 0.00034303148957501409 0.0067211503117536138 72.378664463824606 30.357687865330622 1.3273556527413615 0.002237352190094629 0.002237352190094629 24.509081168125267 0.00047813614476833213 -0.0018787553912321367 -61.813680986880627 4.9635335979068475e-05 -0.00090433394766058727 36.531288812226215 1.0000000180025095e-35 -0.17718981709364573 -74.81629496902589 20.754220863138553 35.991410033615203 28.788038644306315 1.056774533991983 36.531288812226215 40.889853172252437 -36.799331755030408 99.998451617246346 0.00068491555206198339 20.572965371785155 47.922211267247853
decision_type=2 10 2 10 8 10 2 2 2 2 10 10 2 2 8 2 2 10 2 10 10 10 2 2 10 2 10 2 10 10
left_child=1 2 16 5 10 13 11 14 17 -9 15 18 21 -2 -7 -5 -1 -3 -4 -10 -13 -8 -17 -15 -11 -21 28 -12 -25 -30
right_child=3 8 6 4 -6 7 12 9 19 24 27 20 -14 23 -16 22 -18 -19 -20 25 -22 -23 -24 26 -26 -27 -28 -29 29 -31
leaf_value=-0.0074597604023698763 -0.0012104301529112793 0.081535420234296635 0.056132105013644927 0.041042274726144017 0.090739620742872604 0.022691108477413 0.069221119000357809 0.026743173086256403 0.077495417682642481 0.0075815811811092981 0.062016031086838584 0.059322680393051323 0.056952931896950096 0.040210797170643756 0.052143190153729799 0.034973701791326077 0.067851257114352567 0.052692105853981139 0.046575528010201067 0.093466824035131707 0.079503924633985118 0.088821738162045444 0.026595399645644904 0.031363689694812312 -0.0082330102378221012 0.065383532895072066 0.072220683336490024 0.043876336976617122 0.027178747581625189 0.0089093760682243603
leaf_weight=623.42903889715672 501.49181605875492 649.91540287435055 8121.0690153092146 6113.6025229245424 527.47843731939793 2093.9219823479652 6250.532027259469 1151.9069616496563 3549.9223870187998 2321.554789736867 744.36677630245686 8787.9756705462933 3399.9995720535517 2485.7202721238136 608.68662875890732 10376.657766461372 69.71410895884037 1189.3876653909683 7035.3779636025429 3183.6109757870436 798.838732406497 884.29473693668842 6888.9533476531506 8570.5875888466835 1949.2464659065008 326.58186526596546 121.93722283840179 3348.5260722488165 3716.5865829885006 1002.9836321175098
leaf_count=2495 2007 2601 32501 24467 2111 8380 25015 4610 14207 9291 2979 35170 13607 9948 2436 41528 279 4760 28156 12741 3197 3539 27570 34300 7801 1307 488 13401 14874 4014
internal_value=0.045377 0.0620223 0.0576377 0.0311571 0.0370715 0.0244047 0.0587679 0.0137362 0.0797446 0.00596723 0.0360411 0.0553026 0.066907 0.0296906 0.0293244 0.0340919 0.00011478 0.0628839 0.0516961 0.0841371 0.0610043 0.0716504 0.0316308 0.0306654 0.000363606 0.090854 0.0288963 0.0471754 0.0284988 0.0232962
internal_weight=97394.9 44870.6 35971.2 52524.2 27999.6 24524.6 35278.1 8125.32 8899.42 5422.71 27472.1 24743.3 10534.8 16399.3 2702.61 23379.2 693.143 1839.3 15156.4 7060.12 9586.81 7134.83 17265.6 15897.8 4270.8 3510.19 13412.1 4092.89 13290.2 4719.57
internal_count=389780 179575 143959 210205 112056 98149 141185 32518 35616 21702 109945 99024 42161 65631 10816 93565 2774 7361 60657 28255 38367 28554 69098 63624 17092 14048 53676 16380 53188 18888
is_linear=0
shrinkage=1


Tree=1
num_leaves=31
num_cat=0
split_feature=25 25 25 11 11 18 11 25 4 6 24 9 14 24 24 24 28 13 21 6 14 22 9 13 25 6 2 13 19 27
split_gain=13925.2 871.845 819.054 602.341 468.854 336.104 289.918 272.9 196.169 232.199 193.968 179.68 172.148 168.825 164.552 155.54 127.606 119.004 115.697 106.504 83.4426 76.7047 96.0544 100.743 72.0453 65.6456 65.142 71.9252 63.7147 61.6058
threshold=48.808904450926775 43.77852955640008 52.060989325839863 28.197088433089167 41.517487506071404 1.0000000180025095e-35 32.470911328015845 35.214599641915818 1.8697904134619121 0.0028839015095914536 1.2396451344082247 -0.023149630501418366 1.0000000180025095e-35 0.54711230728716065 1.4719441956808639 1.033739198938646 25.050047046639154 -0.0012508836923168754 0.00066486551329622817 0.00096019038351212514 1.0000000180025095e-35 4.9635335979068475e-05 -0.0092299939424030798 -0.00096677137722344113 81.628929562013695 0.0079358200750627508 -0.33955116739888641 4.8156107393741846e-07 1.0000000180025095e-35 13.951386189460051
decision_type=2 2 2 10 8 2 10 2 10 10 2 8 2 2 2 2 8 2 2 8 2 2 8 2 2 10 8 2 2 8
left_child=1 3 12 7 10 8 14 18 9 21 20 29 -2 -5 -3 -8 -9 -11 19 -1 -4 -6 -23 -24 -7 -16 -13 -28 -21 -12
right_child=2 6 4 13 5 24 15 16 -10 17 11 26 -14 -15 25 -17 -18 -19 -20 28 -22 22 23 -25 -26 -27 27 -29 -30 -31
leaf_value=0.014562859655283084 -0.011588243249127524 0.0053049963603801625 -0.020150435295542155 0.024769521728073594 -0.053847109866687559 -0.016419942464088635 0.015581967568496084 0.011988184332193935 -0.015197657105300714 -0.034631425945060516 0.0065910963269440962 -0.019657251502316557 0.00087239545799871934 0.047316696314094617 0.026143329569017992 0.038741179760935128 0.021989466463965737 -0.014405897788583586 0.024596746943363362 0.04242338810377333 -0.012481662349166207 -0.032233661397561363 -0.058652852091765545 -0.036961919569789142 0.0050978180230425189 0.011060531462463503 -0.028134542381380124 -0.043505513492258362 0.026242803934461968 -0.016410136891200779
leaf_weight=521.18349841237068 5342.4860244840384 10203.407491326332 4568.9044513404369 1069.8734021484852 955.68933019042015 2289.5143853574991 1670.1063386648893 5161.7961872965097 1424.6862698346376 1341.8542469143867 320.86141188442707 1382.7443369179964 5760.4074232429266 3706.2459238171577 1486.5376028418541 1281.1336333453655 8346.2340525239706 1587.9410066008568 5771.2475745379925 2710.8959731459618 15860.980995461345 2791.1832789629698 934.40251812338829 1253.2766320258379 468.62352724373341 1401.5993930995464 2800.8677713871002 1045.0120424926281 784.45747445523739 3139.7237160354853
leaf_count=2087 21382 40842 18282 4285 3823 9160 6686 20667 5700 5369 1284 5533 23051 14847 5952 5130 33417 6354 23112 10860 63461 11167 3738 5014 1875 5611 11206 4181 3142 12562
internal_value=2.57622e-07 0.0207768 -0.0172058 0.0260906 -0.0203872 -0.0282638 0.0114787 0.0227743 -0.0324188 -0.0351866 -0.0168581 -0.0231154 -0.00512341 0.042266 0.00828737 0.0256354 0.0181677 -0.0236692 0.0291318 0.035648 -0.0141967 -0.0408725 -0.038382 -0.0462266 -0.012764 0.0188237 -0.0289648 -0.0323112 0.038792 -0.0142775
internal_weight=97383.9 44114.7 53269.2 28071.9 42166.3 13047.2 16042.8 23295.8 10289 8864.35 29119.1 8689.21 11102.9 4776.12 13091.5 2951.24 13508 2929.8 9787.78 4016.54 20429.9 5934.55 4978.86 2187.68 2758.14 2888.14 5228.62 3845.88 3495.35 3460.59
internal_count=389780 176638 213142 112417 168709 52200 64221 93285 41165 35465 116509 34766 44433 19132 52405 11816 54084 11723 39201 16089 81743 23742 19919 8752 11035 11563 20920 15387 14002 13846
is_linear=0
shrinkage=0.05


Tree=2
num_leaves=31
num_cat=0
split_feature=25 12 12 25 8 22 25 25 22 9 25 28 12 13 26 28 5 19 22 19 18 25 18 28 9 25 9 5 8 8
split_gain=12573 979.01 944.845 623.555 366.911 359.235 317.607 285.078 173.604 170.586 156.03 144.888 142.554 137.207 164.161 142.744 115.51 111.902 110.462 96.5913 94.9243 90.8398 89.4496 86.3313 84.046 83.1592 80.4837 76.8587 72.4541 71.0552
threshold=48.808904450926775 53.997293327514079 34.992612407224165 53.449824091921478 0.0058689649098532691 4.9635335979068475e-05 45.661544416933623 45.167650118036292 0.0032205048527681646 -0.023149630501418366 51.738905328845838 75.819657766442063 44.029843049451991 0.0010296963337174372 0.00016628559124052413 24.176403628351235 0.00049528573422159741 1.0000000180025095e-35 0.002572813894904514 1.0000000180025095e-35 1.0000000180025095e-35 50.853901314675021 1.0000000180025095e-35 42.614184724788238 -0.012093574610242828 50.739020912274476 -0.002914070689344597 -0.0011115185038546619 0.015835287710544838 0.018160820898903189
decision_type=2 8 8 2 10 2 2 2 2 8 2 10 10 2 2 10 8 2 2 2 2 2 2 8 8 2 10 10 10 10
left_child=1 6 3 25 10 27 12 13 -6 -7 -4 -11 22 14 16 19 -3 20 -12 -15 -8 -10 26 -14 -20 -2 -1 -5 -17 -23
right_child=2 7 4 5 8 9 17 -9 21 11 18 -13 23 15 -16 28 -18 -19 24 -21 -22 29 -24 -25 -26 -27 -28 -29 -30 -31
leaf_value=0.01515874027732066 0.0020773961063698895 0.01603030614644849 -0.021218132757260342 -0.050529559980281524 -0.0076236266588235388 -0.01062449126840747 0.009059730359837528 -0.0081620365338946985 -0.011314260216980405 -0.022623909311695542 -0.032819475670516046 -0.013755691287533598 0.021379277191009651 0.042109253185923817 0.060099910702749643 0.059269121625577785 0.034721257098956841 -0.019547831369357695 -0.036878545280214732 0.01953524444609676 0.05477632127818817 -0.036493672264194921 0.063762894825847544 0.034674123810047253 -0.055230012745869785 -0.0065535908486980855 0.022299282053736789 -0.020783700117620634 0.039298950316604672 -0.019831143049167079
leaf_weight=15188.267494738102 4704.0765271484852 1452.1062224209309 1079.9008588194847 915.96512690186501 1845.4747281372547 10937.446819335222 9561.538451358676 362.12173037230968 772.91496698558331 9904.7874852865934 1819.4714249074459 8608.8418004363775 3135.0658282637596 1360.3798565268517 412.12701314687729 1396.8353816568851 1918.941337659955 340.81695114076138 966.33776558935642 727.17325641214848 114.91005983948708 1829.7479303181171 102.83650073409081 2000.0812259614468 1760.6126404255629 6861.6289439797401 5331.5060873329639 284.64437445998192 673.03453955054283 983.83593261241913
leaf_count=60847 18824 5823 4321 3666 7384 43754 38287 1451 3093 39623 7279 34439 12568 5460 1654 5607 7702 1365 3866 2917 460 7320 412 8018 7045 27453 21366 1139 2701 3936
internal_value=5.56218e-07 0.0197551 -0.0163434 -0.0129356 -0.0293537 -0.0166682 0.0161653 0.0352231 -0.0200846 -0.0155753 -0.0383027 -0.0185002 0.0191033 0.0372017 0.0303117 0.0434714 0.02667 0.00861084 -0.0423608 0.0342459 0.00960263 -0.0264965 0.0172471 0.0265575 -0.0487269 -0.00304314 0.017014 -0.0434773 0.0527757 -0.0306672
internal_weight=97353.4 44077.7 53275.7 42217.4 11058.3 30651.7 35775 8302.72 5431.97 29451.1 5626.32 18513.6 25757.8 7940.6 3783.17 4157.42 3371.05 10017.3 4546.42 2087.55 9676.45 3586.5 20622.6 5135.15 2726.95 11565.7 20519.8 1200.61 2069.87 2813.58
internal_count=389780 176638 213142 168898 44244 122621 143323 33315 21733 117816 22511 74062 103211 31864 15179 16685 13525 40112 18190 8377 38747 14349 82625 20586 10911 46277 82213 4805 8308 11256
is_linear=0
shrinkage=0.05


Tree=3
num_leaves=31
num_cat=0
split_feature=25 25 25 11 11 29 25 11 25 24 9 24 8 24 24 6 24 29 8 21 26 8 10 5 3 9 6 19 27 18
split_gain=11354.5 726.745 676.272 549.204 412.274 311.567 253.367 229.046 217.219 191.022 195.696 159.098 143.071 135.885 135.778 129.111 122.007 104.971 104.426 98.5112 109.314 86.3648 86.2627 76.3709 73.8171 73.3362 70.4137 80.0171 70.4198 68.8615
threshold=48.808904450926775 44.289619355228503 51.842791540814687 28.197088433089167 45.841261461095961 73.250407855126369 35.214599641915818 32.470911328015845 73.608314481154579 1.2396451344082247 -0.023149630501418366 0.56373211131955803 0.0047557176536281382 1.5478929034658531 0.92517796484203385 0.0024972020465256336 1.3753991817034026 49.625397169691851 0.020733983734202283 0.0011917676295752969 0.000214961948063613 0.0068894902945490274 87.451366595213486 0.0034737716110561636 1.6006029655753513 -0.011671126499877076 3.9199725817833951e-05 1.0000000180025095e-35 19.063172973645177 1.0000000180025095e-35
decision_type=2 2 2 10 8 2 2 10 2 2 8 2 10 2 2 10 2 2 10 2 2 10 10 10 8 8 8 2 10 2
left_child=1 3 17 6 9 15 19 16 21 12 -11 -5 29 -8 -9 -6 -3 -2 -15 20 26 -7 24 25 -10 -12 -1 -28 -29 -4
right_child=2 7 4 11 5 8 13 14 22 10 23 -13 -14 18 -16 -17 -18 -19 -20 -21 -22 -23 -24 -25 -26 -27 27 28 -30 -31
leaf_value=0.0093969349579901187 -0.0063639392126254163 0.0036572982449729931 -0.02041636113133042 0.022075119235759867 -0.042517645528220349 -0.033006352260400162 0.013492129966785444 0.011290320633918742 -0.017707365518819875 -0.012583184741392939 -0.023145906192480449 0.042905733819765007 -0.010011922012852966 0.034605539278769019 0.033804139503204399 -0.023996678822903225 0.015262751256982865 0.0068919314163618812 0.016126018722772584 0.020051876404598767 0.060411775758226816 -0.017113250177530386 0.020217533832343544 -0.01733787284215926 0.0030516263139878323 -0.036098312911682875 0.034878089714261172 0.015333822565031685 0.036775285514452236 -0.0092558245474412201
leaf_weight=430.00445920228958 8515.5766092091799 8795.0099858343601 6859.2047689557076 1191.4168907105923 3128.8905413895845 2209.5059730410576 11523.34208253026 1306.4330342262983 1231.8565616905689 3816.712216347456 1952.7967653721571 3974.5496002733707 14378.681333571672 1526.1021042764187 1374.0197571963072 1345.6564069837332 3050.0104950964451 1811.0836054235697 1531.8301881253719 3767.1545913815498 288.24961866438389 1394.1411565989256 260.20535495877266 1498.4249388724566 656.43837784230709 2481.6394343823195 3470.6167451739311 1251.4963938891888 551.76704475283623 1730.8966669738293
leaf_count=1725 34074 35221 27442 4784 12532 8844 46203 5235 4928 15268 7813 15989 57518 6124 5513 5384 12224 7246 6144 15118 1162 5577 1041 5994 2626 9931 13956 5023 2217 6924
internal_value=8.29645e-07 0.0187877 -0.0155275 0.0232946 -0.01829 -0.0270527 0.020152 0.0096324 -0.0193554 -0.0155511 -0.0214151 0.0381016 -0.013062 0.0159786 0.0228311 -0.0369477 0.00664562 -0.00403913 0.0253485 0.0263875 0.0303706 -0.0268578 -0.00677171 -0.0270968 -0.0104908 -0.0303944 0.0288524 0.0304387 0.0218945 -0.0181675
internal_weight=97303.7 44032 53271.7 29506.5 42945.1 10226.7 24340.6 14525.5 5752.15 32718.4 9749.57 5165.97 22968.8 14581.3 2680.45 4474.55 11845 10326.7 3057.93 9759.29 5992.13 3603.65 2148.5 5932.86 1888.29 4434.44 5703.88 5273.88 1803.26 8590.1
internal_count=389780 176638 213142 118445 171822 40932 97672 58193 23016 130890 39006 20773 91884 58471 10748 17916 47445 41320 12268 39201 24083 14421 8595 23738 7554 17744 22921 21196 7240 34366
is_linear=0
shrinkage=0.05


Tree=4
num_leaves=31
num_cat=0
split_feature=25 12 12 25 24 22 25 25 24 2 25 9 13 26 28 2 25 14 14 2 28 25 19 28 2 9 14 14 13 2
split_gain=10256.2 837.714 832.455 540.011 358.742 281.444 252.035 248.568 220.386 218.377 201.398 146.543 126.883 144.025 128.06 124.97 112.869 99.991 99.6286 97.2421 95.4866 89.2991 82.1352 81.5829 75.8312 91.462 73.9885 71.6103 68.3238 67.0019
threshold=48.808904450926775 34.992612407224165 53.997293327514079 55.101639183527581 1.3273556527413615 4.9635335979068475e-05 51.187859413070186 45.047012361884519 0.81453585468539491 -0.72471793561333653 43.508699250762994 -0.019994587782713125 0.00099598387134406286 0.00016628559124052413 24.176403628351235 -0.12265653252813716 51.297157236508951 1.0000000180025095e-35 1.0000000180025095e-35 -0.032521720294311378 75.819657766442063 46.257864322343472 1.0000000180025095e-35 22.906712431315579 -0.33955116739888641 -0.015835114088767709 1.0000000180025095e-35 1.0000000180025095e-35 -0.00102841419574616 0.1106083232008994
decision_type=2 8 8 2 2 2 2 2 2 10 2 8 2 2 10 8 2 2 2 10 10 2 2 8 8 8 2 2 2 8
left_child=2 3 4 16 10 29 18 12 15 -6 23 -7 13 19 22 -8 -2 -18 -3 -4 -13 -11 -14 -1 -10 -26 -12 -23 -27 -5
right_child=1 6 7 5 9 11 8 -9 24 21 26 20 14 -15 -16 -17 17 -19 -20 -21 -22 27 -24 -25 25 28 -28 -29 -30 -31
leaf_value=0.011230448998916486 0.0011070199365529854 -0.021792135211859052 0.030987429272763607 -0.01830758539223936 0.013521178284830499 -0.010479302177327666 -0.0056235147238321327 -0.007395135893502023 -0.02131651117232676 0.031288890686797875 0.0033865683281675517 -0.022197619841620636 0.038528882300228384 0.055477367439610237 0.048824457435456298 -0.026895982205782105 -0.014270556444128765 -0.0037048421217160225 -0.00045190819434238615 0.013466371933112826 -0.013995534284078171 0.0084397979732082126 0.017859655668193225 0.019116083478937132 -0.030180340995806444 -0.053478180481161958 0.011699962025847018 0.029429221595217658 -0.037485431760708315 -0.046245059832665025
leaf_weight=6128.1711414158344 6103.4977653026581 1174.8468885868788 1936.6987687796354 280.81132945418358 4430.4119748771191 11079.778296858072 869.08308857679367 378.70612180233002 574.40132112801075 4891.325485765934 7357.2972155958414 7194.2398157119751 1387.6753694117069 403.61649057269096 2080.7115827351809 3358.3112169206142 3537.4502464383841 6101.7349478155375 1023.2938465476036 1339.703901514411 7002.0017569214106 909.37767063081264 735.33515523374081 7057.0243513584137 1363.1001696139574 1444.0332196503878 4206.633283406496 734.64708286523819 1242.418131634593 910.35424511134624
leaf_count=24600 24422 4700 7811 1125 17790 44324 3477 1518 2298 19662 29482 28790 5601 1635 8407 13450 14152 24411 4094 5386 28016 3649 2957 28338 5457 5790 16855 2947 4978 3658
internal_value=1.09876e-06 -0.0147547 0.0178714 -0.0115464 0.0145626 -0.015908 -0.0270109 0.0321737 -0.0307741 0.0220909 0.011227 -0.0147887 0.0340744 0.0272949 0.0400093 -0.0225227 -0.00421343 -0.00758232 -0.0118577 0.0238232 -0.0181521 0.0279004 0.0313698 0.015451 -0.0383178 -0.0407294 0.00641075 0.0178191 -0.0460819 -0.0396589
internal_weight=97236.7 53259.4 43977.3 42209.9 35714.9 26467.2 11049.5 8262.45 8851.35 10965.8 24749.1 25276 7883.74 3680.02 4203.72 4227.39 15742.7 9639.19 2198.14 3276.4 14196.2 6535.35 2123.01 13185.2 4623.95 4049.55 11563.9 1644.02 2686.45 1191.17
internal_count=389780 213142 176638 168898 143323 105913 44244 33315 35450 44048 99275 101130 31797 14832 16965 16927 62985 38563 8794 13197 56806 26258 8558 52938 18523 16225 46337 6596 10768 4783
is_linear=0
shrinkage=0.05


Tree=5
num_leaves=31
num_cat=0
split_feature=25 12 12 25 11 8 24 22 25 24 25 22 8 9 13 13 11 26 25 2 14 12 25 25 28 2 8 13 11 12
split_gain=9265.64 757.818 757.403 488.195 402.032 299.005 258.143 254.376 226.852 189.283 186.544 151.896 151.398 133.389 126.389 118.421 141.858 129.971 107.431 94.4839 91.8275 86.2716 83.5352 81.1129 79.2083 74.5681 73.601 69.7662 69.1569 63.5327
threshold=48.808904450926775 34.992612407224165 53.997293327514079 55.330776001889816 33.178120122514173 0.0058689649098532691 1.6062384240714551 4.9635335979068475e-05 45.300313199639348 0.9010764685953131 43.23037773464528 0.0032485950649626329 0.0085976743275099927 -0.021050679948145107 -0.0011251840917841413 0.0010296963337174372 17.849473613645738 0.00016628559124052413 51.297157236508951 -0.04996596608679877 1.0000000180025095e-35 26.393372074896032 51.738905328845838 47.198677235971587 22.906712431315579 0.51139008005120068 0.018160820898903189 0.0059637153859382211 51.087715092477737 99.662704654325168
decision_type=2 8 8 2 10 10 2 2 2 2 2 2 10 8 2 2 10 2 2 10 2 10 2 2 8 8 10 2 10 10
left_child=2 3 4 18 6 14 10 -5 15 -6 24 -7 -8 -9 25 17 29 19 -2 -4 -20 -15 -16 -11 -1 -3 -13 -14 -23 -17
right_child=1 5 8 7 9 11 12 13 -10 23 -12 26 27 21 22 16 -18 -19 20 -21 -22 28 -24 -25 -26 -27 -28 -29 -30 -31
leaf_value=0.0095210166222068626 0.0010516901520256367 -0.051181395936262392 0.030069919275800407 -0.037847306416521509 0.017285667390439859 -0.0057689915951773408 0.036459425888662203 -0.0098267854260594804 -0.0092918556267660157 0.043827648250129442 0.0050291267627985067 -0.0287569015717411 0.012010123699509047 -0.015109469229627645 -0.014896141853302068 0.030659364759102071 0.046846897160080024 0.052673932947476548 -0.013613666648455668 0.013151047522077134 -0.0037520033612717775 -0.019846974541447408 -0.032555719418421968 0.020453427235398381 0.017163743216166781 -0.030779941190953689 -0.013776673510997289 0.023973330189146592 -0.035817408826880559 -0.0063053143111983156
leaf_weight=6284.015935048461 6103.3797553777695 1273.4627281427383 1909.4391598403454 1187.2327687740326 1970.048220962286 1866.8428488820791 1266.6756068468094 10349.846038550138 340.44032606482506 1691.7292969673872 11646.898999631405 2282.7756398171186 2863.5967673957348 10943.298700585961 884.0668882727623 1782.7219514399767 2217.6977894455194 407.01226632297039 3707.0702417045832 1453.2239503264427 6498.7358101904392 2477.1946032196283 2761.0802452862263 475.47100384533405 7361.5086183398962 690.87848576903343 1279.5493135601282 2121.575379550457 933.23434761166573 124.35032433271408
leaf_count=25241 24422 5122 7725 4781 7918 7470 5100 41407 1364 6828 46684 9143 11514 43799 3537 7208 9006 1660 14832 5849 26000 9917 11080 1912 29594 2772 5120 8532 3740 503
internal_value=1.33566e-06 -0.0140228 0.0170024 -0.0109718 0.0138479 -0.0256865 0.0119258 -0.0152401 0.0306706 0.0285028 0.00967701 -0.0173219 0.0210235 -0.0141536 -0.0337822 0.032394 0.0382483 0.0259882 -0.00419587 0.0227582 -0.00733407 -0.0172734 -0.0282727 0.0386995 0.0136441 -0.044006 -0.0233762 0.0171014 -0.0242171 0.0282491
internal_weight=97155.1 53238.6 43916.4 42200 35681.5 11038.7 31544.3 25890.8 8234.89 4137.25 25292.4 5429.17 6251.85 24703.6 5609.49 7894.45 4124.77 3769.68 16309.2 3362.66 10205.8 14353.7 3645.15 2167.2 13645.5 1964.34 3562.32 4985.17 3410.43 1907.07
internal_count=389780 213142 176638 168898 143323 44244 126665 103644 33315 16658 101519 21733 25146 98863 22511 31951 16717 15234 65254 13574 40832 57456 14617 8740 54835 7894 14263 20046 13657 7711
is_linear=0
shrinkage=0.05


Tree=6
num_leaves=31
num_cat=0
split_feature=25 25 12 12 11 22 8 25 24 14 12 22 22 11 24 8 7 25 25 4 24 19 27 6 11 8 14 12 2 6
split_gain=8380.1 689.844 689.62 676.561 321.205 270.953 263.652 204.492 201.06 145.254 154.364 142.261 134.832 126.706 132.97 119.031 101.831 92.8257 92.3802 96.887 89.2627 78.7161 70.3677 69.311 66.8022 62.5825 60.5474 59.8176 58.2698 58.1122
threshold=48.123815035809294 51.842791540814687 30.20302111627959 46.794597547064747 34.939610148624205 4.9635335979068475e-05 0.0069772843412466571 44.165625945008848 1.6062384240714551 1.0000000180025095e-35 35.173086652394275 0.0035893345961049363 0.003359372658997379 19.007822451848384 0.6384475165704151 0.0083992327903429503 -0.018492387281050706 43.23037773464528 55.330776001889816 2.7157919257586749 0.69250011751916529 1.0000000180025095e-35 68.277623279333326 0.0013002490208597096 28.491414602841591 0.025481185229126391 1.0000000180025095e-35 99.662704654325168 0.1106083232008994 0.0010141635787121411
decision_type=2 2 8 8 10 2 10 2 2 2 10 2 2 10 2 10 8 2 2 8 2 2 10 8 10 8 2 10 8 8
left_child=3 9 5 4 8 28 12 13 17 10 -2 -8 -4 21 29 -10 -14 25 26 22 -6 23 -20 -5 -9 -1 -7 -23 -3 -15
right_child=1 2 6 7 20 18 11 24 15 -11 -12 -13 16 14 -16 -17 -18 -19 19 -21 -22 27 -24 -25 -26 -27 -28 -29 -30 -31
leaf_value=0.014512726479881794 -0.0027975583026017652 -0.015421214449736237 -0.025484904605416248 0.011108861151166121 0.015206557812858205 -0.012196548689213715 -0.0062285360699446991 -0.0027276325039889693 0.035599891555206042 0.002872977681495041 -0.020120554907709115 -0.023636312614190993 -0.019897108171067164 0.0052070366032943927 0.040312457426010709 0.016468891840443402 -0.043340203407706411 0.0056278460725291586 -0.01712699327851255 -0.0014105890098859081 0.037402725687123356 0.015990341992335511 -0.011129143504672184 0.03037448138898512 0.018598436848520309 0.0065825499346545933 -0.002781986321453685 -0.041504652298703093 -0.042337309096284727 0.028016823286485762
leaf_weight=8468.2691205143929 4391.4263791292906 263.13533103466034 3540.4149237573147 543.54472635686398 632.48115849494934 2632.5691042691469 1851.0789386183023 635.6298746317625 1002.0454898029566 6376.825942710042 1818.5501693785191 3206.9914860874414 554.86034753918648 346.180066421628 3558.7152889817953 4311.0904414951801 2804.8077458739281 9826.4708131104708 8050.2157284021378 1808.3242897391319 1595.7765439450741 1476.3603273928165 12457.56558932364 3308.5464283525944 869.54241706430912 3522.8299458324909 4861.5953788459301 46.668595030903816 852.56874485313892 1443.8686942458153
leaf_count=34059 17577 1057 14220 2192 2544 10535 7409 2552 4048 25527 7281 12847 2226 1396 14476 17358 11298 39401 32230 7237 6453 5963 49862 13427 3501 14165 19450 188 3451 5850
internal_value=1.57934e-06 -0.0127196 -0.0157404 0.0169694 0.0128535 -0.0117977 -0.025937 0.0268507 0.0113547 -0.00242755 -0.00787048 -0.0172657 -0.0322936 0.029273 0.0347212 0.020077 -0.0394685 0.00923058 -0.0108923 -0.0125053 0.0311024 0.0238514 -0.0134836 0.027656 0.0095925 0.0121829 -0.00608916 0.0142286 -0.0359892 0.0236056
internal_weight=97059 55470.9 42884.1 41588 29359 30926 11958.2 12229.1 27130.7 12586.8 6209.98 5058.07 6900.08 10723.9 5348.76 5313.14 3359.67 21817.6 29810.3 22316.1 2228.26 5375.12 20507.8 3852.09 1505.17 11991.1 7494.16 1523.03 1115.7 1790.05
internal_count=389780 222207 171822 167573 118028 123822 48000 49545 109031 50385 24858 20256 27744 43492 21722 21406 13524 87625 119314 89329 8997 21770 82092 15619 6053 48224 29985 6151 4508 7246
is_linear=0
shrinkage=0.05


Tree=7
num_leaves=31
num_cat=0
split_feature=25 12 12 25 11 22 25 25 25 5 25 28 9 22 22 22 25 14 5 25 27 9 2 18 14 29 28 18 28 29
split_gain=7577.09 635.956 635.727 400.78 341.564 212.786 202.794 194.767 181.6 150.41 149 119.441 112.007 146.059 110.291 106.936 100.477 99.1765 90.3405 85.6125 84.7136 79.687 77.1761 75.2044 74.4676 69.9714 68.9088 68.5913 65.1048 113.904
threshold=48.808904450926775 53.997293327514079 34.992612407224165 55.101639183527581 28.788038644306315 4.9635335979068475e-05 50.853901314675021 45.300313199639348 45.661544416933623 0.0013427569294612574 46.378271334139392 69.525659793148122 -0.017434629755068907 0.0022662877974964388 0.0028420761642823588 0.0030857547605739541 0.0035553469397484609 1.0000000180025095e-35 -0.0066859519771502616 50.739020912274476 23.315045462476096 -0.0091176832510314523 0.95890735170442343 1.0000000180025095e-35 1.0000000180025095e-35 6.2977715711736888 24.614100406400727 1.0000000180025095e-35 32.21863518316075 -87.485825687425859
decision_type=2 8 8 2 10 2 2 2 2 10 2 10 8 2 2 2 2 2 8 2 8 8 10 2 2 2 8 2 8 2
left_child=1 4 3 19 8 -5 -4 16 23 12 15 20 27 -14 -11 -6 -3 -12 -18 25 -7 -17 -13 28 -21 -2 -20 -8 -1 -30
right_child=2 7 6 5 10 11 9 -9 -10 14 17 22 13 -15 -16 21 18 -19 26 24 -22 -23 -24 -25 -26 -27 -28 -29 29 -31
leaf_value=0.0096553677537616067 -0.0033491923626195589 0.0068578042395135421 -0.008440549785104022 -0.034409793684384092 0.017275367111971709 -0.0067729997239613085 -0.022966266868793439 -0.0090366734690565213 0.0033796368375288116 0.0040482441139990119 0.0017735607870771762 -0.011920704132810354 -0.022300837360459638 -0.040028123597603021 -0.022099792448351932 0.024474882024579533 0.014241021609920383 0.023449194571728598 0.027054015398823128 -0.01124144889646557 -0.018421739610331663 0.041099418083803893 -0.0036634458123625049 0.064120992614358926 -0.0027731947200457427 0.0089302237431063136 0.037314492276153646 0.0084751708109725814 0.020752445539232309 0.010321530199133833
leaf_weight=11139.526953712106 2625.3849463015795 457.55467736721039 1882.6847975254059 1179.1916144043207 1514.8991734832525 1869.7729291319847 1989.115267381072 340.46741902828217 7314.4077316075563 591.95604605972767 1126.121823951602 9988.7231421619654 1795.6627321839333 3292.3575796186924 1265.2060885727406 1305.7949008047581 724.76028914749622 993.11413413286209 2906.4455869346857 4177.3930976986885 9443.6910987049341 1609.0444667488337 3948.3137878328562 70.293220147490501 6858.1830630749464 2078.6595920622349 3744.6311110854149 190.03400418162346 4863.0810962170362 5667.0352398902178
leaf_count=44829 10506 1862 7534 4783 6120 7489 7988 1364 29335 2369 4527 40004 7215 13303 5072 5287 2947 3997 11830 16720 37835 6535 15802 284 27441 8318 15312 763 19607 22802
internal_value=1.7608e-06 0.0154072 -0.0126807 -0.00988764 0.0125197 -0.0136493 -0.0233814 0.0279846 0.0101946 -0.0264642 0.0228349 -0.0126798 -0.0297095 -0.0337718 -0.0137653 0.0280514 0.0295937 0.0119312 0.0310041 -0.00357118 -0.0164966 0.0336519 -0.00958145 0.0124875 -0.00597876 0.00207693 0.0328308 -0.0202244 0.01232 0.0151388
internal_weight=96953.5 43777.2 53176.3 42169.3 35603.3 26429.7 11007 8173.86 29054.3 9124.33 6548.97 25250.5 7267.17 5088.02 1857.16 4429.74 7833.39 2119.24 7375.84 15739.6 11313.5 2914.84 13937 21739.9 11035.6 4704.04 6651.08 2179.15 21669.6 10530.1
internal_count=389780 176638 213142 168898 143323 105913 44244 33315 116857 36710 26466 101130 29269 20518 7441 17942 31951 8524 30089 62985 45324 11822 55806 87522 44161 18824 27142 8751 87238 42409
is_linear=0
shrinkage=0.05


Tree=8
num_leaves=31
num_cat=0
split_feature=25 25 12 12 11 24 22 24 25 8 12 28 19 6 11 24 28 27 8 25 26 12 29 26 8 8 9 12 24 22
split_gain=6858.24 595.003 577.267 556.377 270.523 238.93 223.199 174.526 169.561 151.599 143.462 118.322 110.272 105.214 104.303 96.7773 89.6864 109.433 84.8588 75.2115 74.1055 73.0674 69.4963 67.3231 65.7314 65.5897 65.4395 63.9822 62.3251 58.4751
threshold=48.005862836649243 52.060989325839863 30.20302111627959 46.794597547064747 33.178120122514173 0.97141063157639074 4.9635335979068475e-05 1.4719441956808639 44.165625945008848 0.0069772843412466571 41.909315324757515 47.239331311734418 1.0000000180025095e-35 0.00090332561618655172 52.598071438914758 0.9210682889980778 68.690104588800537 23.315045462476096 0.0085976743275099927 41.927623242700044 -5.6236219705363211e-05 44.323083930198479 6.2977715711736888 0.00016628559124052413 0.0069772843412466571 0.025481185229126391 -0.02518398070078268 57.397364810873661 0.4780371022053575 0.0035893345961049363
decision_type=2 2 8 8 10 2 2 2 2 10 10 10 2 8 8 2 10 8 10 2 2 10 2 2 10 8 8 10 2 2
left_child=3 10 6 4 7 9 -3 19 11 14 22 12 13 28 21 -6 17 -8 -9 25 -13 -4 -2 -15 26 -1 -7 -10 -5 -11
right_child=1 2 5 8 15 24 16 18 27 29 -12 20 -14 23 -16 -17 -18 -19 -20 -21 -22 -23 -24 -25 -26 -27 -28 -29 -30 -31
leaf_value=0.014008898925107028 -0.0038534951833741043 -0.032791287598429614 -0.014529555027752696 -0.0081528194711320435 0.016829656156203156 -0.018524227917408608 -0.0038249648468734799 0.029118855385503559 0.01258740211406114 -0.0020014074796553516 -0.01437939878159916 0.042993593880895152 0.012943498489587528 0.028047430151082749 -0.039281627935444235 0.036015985269381316 -0.0072618566816869878 -0.014970138183197802 0.014574791166716282 0.0050814114516560382 0.026982938280630892 -0.031191128178141604 0.0038851377019949716 0.051499757728910911 -0.025454118517157238 0.0047691375156910781 -0.040497213902247191 -0.018547781154022943 0.020529471816038269 -0.0161141042036534
leaf_weight=6420.4137103557587 6163.7094445079565 1106.2699559181929 2053.6247574537992 294.07713168859482 1238.586553812027 394.64067636430264 2735.6671892553568 1246.8134381324053 1273.2977864891291 1420.9358350485563 2110.4453778862953 1509.9035549908876 1879.2839962542057 4716.1876221001148 897.3267156034708 1400.3210500776768 15278.26818934083 11301.04690054059 5126.9808243960142 10767.646586328745 1386.2679727524519 968.24919205904007 5481.0001036375761 327.24044075608253 1965.4435000866652 2740.5027890205383 2396.6673409640789 189.57093527913094 532.08023318648338 1518.2494749128819
leaf_count=25876 24681 4507 8274 1186 5004 1587 10955 5056 5134 5690 8457 6198 7630 19282 3634 5714 61175 45280 20688 43230 5671 3908 21942 1361 7891 11035 9717 762 2164 6091
internal_value=1.91222e-06 -0.0114115 -0.0143652 0.0155143 0.0117492 -0.0238477 -0.0107447 0.010218 0.024514 -0.0178754 -0.00238487 0.0267074 0.0234847 0.0268597 -0.024313 0.0270108 -0.0099127 -0.012798 0.0174198 0.00791465 0.03533 -0.0198681 -0.00021103 0.0295691 -0.0324586 0.0112448 -0.0373906 0.00855264 0.0103198 -0.00929138
internal_weight=96840.7 55791.5 42036.4 41049.2 28941.3 11615.1 30421.3 26302.4 12107.9 6858.39 13755.2 10645 7748.87 5869.59 3919.2 2638.91 29315 14036.7 6373.79 19928.6 2896.17 3021.87 11644.7 5043.43 4756.75 9160.92 2791.31 1462.87 826.157 2939.19
internal_count=389780 223789 168709 165991 116603 46792 121917 105885 49388 27597 55080 43492 31623 23993 15816 10718 117410 56235 25744 80141 11869 12182 46623 20643 19195 36911 11304 5896 3350 11781
is_linear=0
shrinkage=0.05


Tree=9
num_leaves=31
num_cat=0
split_feature=25 12 12 25 11 8 22 25 25 25 21 9 22 22 25 14 2 8 19 14 25 18 14 25 19 12 9 2 9 22
split_gain=6203.06 534.409 533.491 340.943 293.948 222.929 175.352 164.164 151.88 127.133 125.824 110.678 104.167 95.3009 93.0937 89.6093 78.5409 75.8675 74.2596 72.9872 72.9478 68.3294 68.2838 66.688 66.024 65.8577 64.1113 62.2899 61.4609 60.2306
threshold=48.808904450926775 53.997293327514079 34.992612407224165 55.330776001889816 28.788038644306315 0.0058689649098532691 4.9635335979068475e-05 45.047012361884519 45.661544416933623 46.378271334139392 0.00056399380198173552 -0.021050679948145107 0.0026272441123467521 0.0030857547605739541 0.0035553469397484609 1.0000000180025095e-35 0.80677854429051743 0.022873974054391902 1.0000000180025095e-35 1.0000000180025095e-35 50.739020912274476 1.0000000180025095e-35 1.0000000180025095e-35 52.38261109493903 1.0000000180025095e-35 26.393372074896032 -0.031865520189483722 -0.055636557618583306 -0.00046974124515082366 0.0050143507882191617
decision_type=2 8 8 2 10 10 2 2 2 2 2 8 2 2 2 2 10 10 2 2 2 2 2 2 2 10 8 8 8 2
left_child=1 4 3 20 8 12 -5 14 21 13 -7 -8 -4 -6 -3 -11 18 -15 -16 -12 -2 28 -22 -21 -10 -13 -14 -27 -1 -18
right_child=2 7 5 6 9 10 11 -9 24 15 19 25 26 17 16 -17 29 -19 -20 23 22 -23 -24 -25 -26 27 -28 -29 -30 -31
leaf_value=0.010101811804891846 0.0019949391511931646 0.0051980807646866021 -0.02032103182401012 -0.031418262397690952 0.015577289164682385 -0.0033787502863824367 -0.0076532403891059926 -0.0065859447817816566 0.0038959876636280679 0.0011921701655526016 -0.028762897664753186 -0.012550880051919977 -0.0094875735241738909 0.03542122208069947 0.032854444860187806 0.021818040037660535 -0.007894383760837221 0.01598600665860388 0.020071212719666044 -0.0011481929653398206 -0.010344186981486845 0.060723689370757887 -0.0024178748530102215 -0.019767350844195359 -0.02064576847852044 -0.010041177848141276 -0.036210226606864897 -0.024896475959962194 0.01814245363932929 0.0242477725117499
leaf_weight=18903.29636400938 4703.788437590003 455.31601618230343 2341.990859568119 1168.485161408782 1509.0493970662355 1822.2978949397802 10339.537231579423 378.71576884388924 7025.2365979701281 1124.8684373646975 1337.44161221385 10923.49420760572 242.81419850885868 2246.3523573577404 5214.429619923234 990.06452521681786 244.60278026759624 646.68606917560101 1452.5602061450481 695.75624489784241 4344.7234451174736 69.628721743822098 7253.3718128800392 1557.4205103963614 285.174939930439 1000.1521819084883 2967.3281399905682 2396.5413495153189 2718.3737504780293 360.64383274316788
leaf_count=76248 18824 1862 9450 4781 6120 7307 41407 1518 28192 4527 5371 43799 979 9186 21510 3997 994 2636 5952 2786 17400 284 29030 6269 1143 4012 12082 9645 10990 1479
internal_value=2.06179e-06 0.0139713 -0.0114756 -0.00891873 0.0113276 -0.0212998 -0.0124922 0.0255553 0.0091714 0.020923 -0.0140794 -0.0115954 -0.0283392 0.0257635 0.0271305 0.0108478 0.0285037 0.0310768 0.0300693 -0.0195102 -0.00325708 0.011272 -0.00538712 -0.014018 0.00293863 -0.0144417 -0.0341889 -0.0205224 0.0111127 0.0112579
internal_weight=96720.1 43625 53095.1 42130.1 35518.7 10965 25828.2 8106.27 29001.7 6517.02 5412.92 24659.7 5552.13 4402.09 7727.55 2114.93 7272.24 2893.04 6666.99 3590.62 16301.9 21691.3 11598.1 2253.18 7310.41 14320.2 3210.14 3396.69 21621.7 605.247
internal_count=389780 176638 213142 168898 143323 44244 103644 33315 116857 26466 21733 98863 22511 17942 31797 8524 29935 11822 27462 14426 65254 87522 46430 9055 29335 57456 13061 13657 87238 2473
is_linear=0
shrinkage=0.05


end of trees

feature_importances:
Column_25=56
Column_12=27
Column_22=24
Column_11=22
Column_24=22
Column_8=19
Column_9=16
Column_14=14
Column_2=13
Column_28=13
Column_29=12
Column_13=9
Column_19=9
Column_6=8
Column_18=7
Column_26=7
Column_5=5
Column_27=5
Column_7=4
Column_21=4
Column_4=2
Column_3=1
Column_10=1

parameters:
[boosting: gbdt]
[objective: binary]
[metric: binary_logloss]
[tree_learner: serial]
[device_type: cpu]
[data_sample_strategy: bagging]
[data: ]
[valid: ]
[num_iterations: 500]
[learning_rate: 0.05]
[num_leaves: 31]
[num_threads: 10]
[seed: 42]
[deterministic: 0]
[force_col_wise: 0]
[force_row_wise: 0]
[histogram_pool_size: -1]
[max_depth: -1]
[min_data_in_leaf: 20]
[min_sum_hessian_in_leaf: 0.001]
[bagging_fraction: 0.8]
[pos_bagging_fraction: 1]
[neg_bagging_fraction: 1]
[bagging_freq: 0]
[bagging_seed: 400]
[bagging_by_query: 0]
[feature_fraction: 0.8]
[feature_fraction_bynode: 1]
[feature_fraction_seed: 30056]
[extra_trees: 0]
[extra_seed: 12879]
[early_stopping_round: 0]
[early_stopping_min_delta: 0]
[first_metric_only: 0]
[max_delta_step: 0]
[lambda_l1: 0]
[lambda_l2: 0]
[linear_lambda: 0]
[min_gain_to_split: 0]
[drop_rate: 0.1]
[max_drop: 50]
[skip_drop: 0.5]
[xgboost_dart_mode: 0]
[uniform_drop: 0]
[drop_seed: 17869]
[top_rate: 0.2]
[other_rate: 0.1]
[min_data_per_group: 100]
[max_cat_threshold: 32]
[cat_l2: 10]
[cat_smooth: 10]
[max_cat_to_onehot: 4]
[top_k: 20]
[monotone_constraints: ]
[monotone_constraints_method: basic]
[monotone_penalty: 0]
[feature_contri: ]
[forcedsplits_filename: ]
[refit_decay_rate: 0.9]
[cegb_tradeoff: 1]
[cegb_penalty_split: 0]
[cegb_penalty_feature_lazy: ]
[cegb_penalty_feature_coupled: ]
[path_smooth: 0]
[interaction_constraints: ]
[verbosity: -1]
[saved_feature_importance_type: 0]
[use_quantized_grad: 0]
[num_grad_quant_bins: 4]
[quant_train_renew_leaf: 0]
[stochastic_rounding: 1]
[linear_tree: 0]
[max_bin: 255]
[max_bin_by_feature: ]
[min_data_in_bin: 3]
[bin_construct_sample_cnt: 200000]
[data_random_seed: 175]
[is_enable_sparse: 1]
[enable_bundle: 1]
[use_missing: 1]
[zero_as_missing: 0]
[feature_pre_filter: 1]
[pre_partition: 0]
[two_round: 0]
[header: 0]
[label_column: ]
[weight_column: ]
[group_column: ]
[ignore_column: ]
[categorical_feature: ]
[forcedbins_filename: ]
[precise_float_parser: 0]
[parser_config_file: ]
[objective_seed: 16083]
[num_class: 1]
[is_unbalance: 0]
[scale_pos_weight: 1]
[sigmoid: 1]
[boost_from_average: 1]
[reg_sqrt: 0]
[alpha: 0.9]
[fair_c: 1]
[poisson_max_delta_step: 0.7]
[tweedie_variance_power: 1.5]
[lambdarank_truncation_level: 30]
[lambdarank_norm: 1]
[label_gain: ]
[lambdarank_position_bias_regularization: 0]
[eval_at: ]
[multi_error_top_k: 1]
[auc_mu_weights: ]
[num_machines: 1]
[local_listen_port: 12400]
[time_out: 120]
[machine_list_filename: ]
[machines: ]
[gpu_platform_id: -1]
[gpu_device_id: -1]
[gpu_use_dp: 0]
[num_gpu: 1]

end of parameters

pandas_categorical:null
